hbgg:
hit: 10	sum: 327
Precision: 0.05	Recall: 0.03058103975535168	F1: 0.03795066413662239

com
hit: 22	sum: 327
Precision: 0.11	Recall: 0.0672782874617737	F1: 0.08349146110056925

hggc
hit: 42	sum: 327
Precision: 0.21	Recall: 0.1284403669724771	F1: 0.1593927893738141‬

my
hit: 54	sum: 327
Precision: 0.27	Recall: 0.1651376146788991	F1: 0.20493358633776093